[gd_scene load_steps=9 format=3 uid="uid://p74ec5lbnj0d"]

[ext_resource type="Script" path="res://Enemy.gd" id="1_3djcp"]
[ext_resource type="Texture2D" uid="uid://3iv1i1tnicfh" path="res://icon.svg" id="1_57uhc"]

[sub_resource type="QuadMesh" id="QuadMesh_r5plv"]
size = Vector2(5, 5)

[sub_resource type="StandardMaterial3D" id="StandardMaterial3D_0l74d"]
transparency = 4
blend_mode = 3
no_depth_test = true
albedo_color = Color(1, 0.235294, 0.266667, 1)

[sub_resource type="BoxShape3D" id="BoxShape3D_3qdyf"]
size = Vector3(6.85967, 5.78424, 3.98131)

[sub_resource type="ShaderMaterial" id="ShaderMaterial_wb7w3"]

[sub_resource type="AtlasTexture" id="AtlasTexture_nth6w"]
atlas = ExtResource("1_57uhc")
region = Rect2(0, 0, 128, 128)

[sub_resource type="SpriteFrames" id="SpriteFrames_ibxjk"]
animations = [{
"frames": [{
"duration": 1.0,
"texture": SubResource("AtlasTexture_nth6w")
}],
"loop": true,
"name": &"idle",
"speed": 5.0
}]

[node name="Enemy" type="CharacterBody3D"]
transform = Transform3D(1, 0, 0, 0, 1, 0, 0, 0, 1, 0, 3.32684, 10.3942)
collision_layer = 2
collision_mask = 7
script = ExtResource("1_3djcp")

[node name="MeshInstance3D" type="MeshInstance3D" parent="."]
transform = Transform3D(0.991483, -0.066301, -0.112097, 0.127228, 0.677031, 0.724874, 0.0278332, -0.732962, 0.6797, -0.0145191, 1.23804, 0.124613)
mesh = SubResource("QuadMesh_r5plv")
surface_material_override/0 = SubResource("StandardMaterial3D_0l74d")

[node name="CollisionShape3D" type="CollisionShape3D" parent="."]
transform = Transform3D(1, 0, 0, 0, 0.998968, 0.0454153, 0, -0.0454153, 0.998968, -0.205785, 1.10764, 0.00873852)
shape = SubResource("BoxShape3D_3qdyf")

[node name="AnimatedSprite3D" type="AnimatedSprite3D" parent="."]
transform = Transform3D(1, 0, 0, 0, 0.683312, 0.730127, 0, -0.730127, 0.683312, 0.0187213, 1.35549, 0)
material_overlay = SubResource("ShaderMaterial_wb7w3")
pixel_size = 0.04
sprite_frames = SubResource("SpriteFrames_ibxjk")
animation = &"idle"
